studentId
20352013
20352014
20352015
20352016
20352017
20352018
20352019
20352020
20352021
20352022
20352023
20352024
20352025
20352026
